## Cylinder1
## position
0 0 1
## scale
1 0.432547 1
## rotation
0.591529 0.166799 -0.788841 0
-0.6703 0.64547 -0.366157 0
0.448099 0.745352 0.493619 0
0 0 0 1

## Cylinder2
## position
-1.1396 -1.08572 1.2914
## scale
1 0.1 1
## rotation
0.941301 0.28027 -0.188142 0
0.0268774 0.493357 0.869409 0
0.33649 -0.823435 0.456865 0
0 0 0 1

