## Cylinder1
## position
-2.29545 -0.0558557 1.81409
## scale
1 0.732547 1
## rotation
0.639167 0.299998 -0.708143 0
-0.595177 0.776101 -0.208419 0
0.487066 0.554682 0.674608 0
0 0 0 1

## Cylinder2
## position
-1.1396 -1.08572 1.2914
## scale
1 0.1 1
## rotation
0.953505 0.300599 -0.0215571 0
-0.21089 0.716625 0.664808 0
0.215288 -0.629355 0.7467 0
0 0 0 1

