## Cylinder1
## position
0 0 1
## scale
1 0.432547 1
## rotation
0.591529 0.166799 -0.788841 0
-0.6703 0.64547 -0.366157 0
0.448099 0.745352 0.493619 0
0 0 0 1

## Cylinder2
## position
0.55257 -0.358531 0.305576
## scale
1 0.1 1
## rotation
0.990436 0.0749373 -0.115852 0
-0.0229148 0.917332 0.397463 0
0.136059 -0.391007 0.910276 0
0 0 0 1

## Cylinder3
## position
-1.1396 -1.08572 1.2914
## scale
1 0.1 1
## rotation
0.941301 0.28027 -0.188142 0
0.0268774 0.493357 0.869409 0
0.33649 -0.823435 0.456865 0
0 0 0 1

## Cylinder4
## position
1.23382 0.832121 -0.449158
## scale
0.1 1.69493 0.1
## rotation
-0.962945 0.0374122 0.267082 0
-0.162519 0.709826 -0.685373 0
-0.215225 -0.703386 -0.677443 0
0 0 0 1

