## Cylinder1
## position
0 0 1
## scale
1 0.1 1
## rotation
1 0 0 0
0 1 0 0
0 0 1 0
0 0 0 1

## Cylinder2
## position
1.4461 -0.224112 1.10694
## scale
1 0.1 1
## rotation
0.956588 0.259834 -0.131995 0
-0.18295 0.887928 0.422031 0
0.22686 -0.379561 0.896921 0
0 0 0 1

