## Cylinder1
## position
0 0 1
## scale
1 0.432547 1
## rotation
0.0259784 0.675002 -0.737356 0
-0.771083 0.482961 0.414951 0
0.636208 0.557783 0.533028 0
0 0 0 1

## Cylinder2
## position
-1.1396 -1.08572 1.2914
## scale
1 0.1 1
## rotation
0.617189 0.567231 0.54527 0
-0.535249 -0.205258 0.819373 0
0.576697 -0.797567 0.176926 0
0 0 0 1

